[
    [
        "x",
        "101010836",
        "101011193",
        "101013480",
        "114012183",
        "114012184",
        "114012196",
        "120530679",
        "120530734",
        "120530759",
        "120643546",
        "120643547",
        "120643548"
    ],
    [
        "101010836",
        0.0,
        77.57017397370484,
        0.6198120817521562,
        184.65261769537386,
        164.82806311582846,
        154.5119061887552,
        81.64210550362623,
        84.03385972105681,
        83.97221215683884,
        157.8554280132192,
        157.74380900446698,
        159.86221410366537
    ],
    [
        "101011193",
        77.57017397370484,
        0.0,
        77.07004900619646,
        107.0843276235924,
        87.24605520059215,
        76.93179750039643,
        4.071533668039407,
        6.465817031921199,
        6.404056685856916,
        80.27473532410538,
        80.16313640855816,
        82.28115623538167
    ],
    [
        "101013480",
        0.6198120817521562,
        77.07004900619646,
        0.0,
        184.1523839073211,
        164.32785818547973,
        154.01171409162652,
        81.14197784773492,
        83.53373043826213,
        83.47208291609039,
        157.3552319699531,
        157.2436130969722,
        159.36201559285595
    ],
    [
        "114012183",
        184.65261769537386,
        107.0843276235924,
        184.1523839073211,
        0.0,
        19.966377723464028,
        30.355787641139262,
        103.03738824697943,
        100.61711152763003,
        100.67888476202249,
        27.108790177516745,
        27.220521067791616,
        25.097685616234703
    ],
    [
        "114012184",
        164.82806311582846,
        87.24605520059215,
        164.32785818547973,
        19.966377723464028,
        0.0,
        10.388649789514103,
        83.17387367546337,
        80.7819953538969,
        80.84364587101203,
        7.1418915285952655,
        7.253614271408712,
        5.1309340332450715
    ],
    [
        "114012196",
        154.5119061887552,
        76.93179750039643,
        154.01171409162652,
        30.355787641139262,
        10.388649789514103,
        0.0,
        72.85972356699791,
        70.46790945842194,
        70.5295583243946,
        3.3422533163976342,
        3.230677952096891,
        5.348246201152439
    ],
    [
        "120530679",
        81.64210550362623,
        4.071533668039407,
        81.14197784773492,
        103.03738824697943,
        83.17387367546337,
        72.85972356699791,
        0.0,
        2.4197538112151213,
        2.35799381766019,
        76.20262830690183,
        76.09103052964026,
        78.2090285306767
    ],
    [
        "120530734",
        84.03385972105681,
        6.465817031921199,
        83.53373043826213,
        100.61711152763003,
        80.7819953538969,
        70.46790945842194,
        2.4197538112151213,
        0.0,
        0.06175978857973077,
        73.81079445322042,
        73.69919735531148,
        75.81718233026261
    ],
    [
        "120530759",
        83.97221215683884,
        6.404056685856916,
        83.47208291609039,
        100.67888476202249,
        80.84364587101203,
        70.5295583243946,
        2.35799381766019,
        0.06175978857973077,
        0.0,
        73.87244382690939,
        73.76084671153188,
        75.8788320214296
    ],
    [
        "120643546",
        157.8554280132192,
        80.27473532410538,
        157.3552319699531,
        27.108790177516745,
        7.1418915285952655,
        3.3422533163976342,
        76.20262830690183,
        73.81079445322042,
        73.87244382690939,
        0.0,
        0.11172023370312517,
        2.0109247798046885
    ],
    [
        "120643547",
        157.74380900446698,
        80.16313640855816,
        157.2436130969722,
        27.220521067791616,
        7.253614271408712,
        3.230677952096891,
        76.09103052964026,
        73.69919735531148,
        73.76084671153188,
        0.11172023370312517,
        0.0,
        2.122645710174956
    ],
    [
        "120643548",
        159.86221410366537,
        82.28115623538167,
        159.36201559285595,
        25.097685616234703,
        5.1309340332450715,
        5.348246201152439,
        78.2090285306767,
        75.81718233026261,
        75.8788320214296,
        2.0109247798046885,
        2.122645710174956,
        0.0
    ]
]